%YAML:1.0
---
R: !!opencv-matrix
   rows: 3
   cols: 3
   dt: d
   data: [ 9.9975729753747000e-01, -1.0870232314828944e-03,
       2.2003736070697149e-02, 1.0080228365562439e-03,
       9.9999300799428092e-01, 3.6010904613705641e-03,
       -2.2007496689438886e-02, -3.5780361993989723e-03,
       9.9975140297296905e-01 ]
T: !!opencv-matrix
   rows: 3
   cols: 1
   dt: d
   data: [ -1.1924185254980559e+02, -2.2194768631809178e-01,
       1.7403303656470319e+00 ]
R1: !!opencv-matrix
   rows: 3
   cols: 3
   dt: d
   data: [ 9.9997214252724465e-01, 8.2641931365234780e-04,
       7.4183017322096206e-03, -8.3968504426339282e-04,
       9.9999805380172280e-01, 1.7853071985679306e-03,
       -7.4168118823738664e-03, -1.7914865014396610e-03,
       9.9997089031512154e-01 ]
R2: !!opencv-matrix
   rows: 3
   cols: 3
   dt: d
   data: [ 9.9989177884220737e-01, 1.8611222665186264e-03,
       -1.4593383009963368e-02, -1.8872189381530027e-03,
       9.9999664444063496e-01, -1.7746864934928036e-03,
       1.4590031132451211e-02, 1.8020353436538768e-03,
       9.9989193599117221e-01 ]
P1: !!opencv-matrix
   rows: 3
   cols: 4
   dt: d
   data: [ 1.1143317869984626e+03, 0., 1.1064573822021484e+03, 0., 0.,
       1.1143317869984626e+03, 5.9410105895996094e+02, 0., 0., 0., 1.,
       0. ]
P2: !!opencv-matrix
   rows: 3
   cols: 4
   dt: d
   data: [ 1.1143317869984626e+03, 0., 1.1064573822021484e+03,
       -1.3288936807810384e+05, 0., 1.1143317869984626e+03,
       5.9410105895996094e+02, 0., 0., 0., 1., 0. ]
Q: !!opencv-matrix
   rows: 4
   cols: 4
   dt: d
   data: [ 1., 0., 0., -1.1064573822021484e+03, 0., 1., 0.,
       -5.9410105895996094e+02, 0., 0., 0., 1.1143317869984626e+03, 0.,
       0., 8.3854096314426724e-03, 0. ]
