%YAML:1.0
---
M1: !!opencv-matrix
   rows: 3
   cols: 3
   dt: d
   data: [ 1.3930218340124409e+03, 0., 1.0378982636342982e+03, 0.,
       1.3992372707725879e+03, 6.4999872022292027e+02, 0., 0., 1. ]
D1: !!opencv-matrix
   rows: 5
   cols: 1
   dt: d
   data: [ -1.6265223467109105e-01, 2.0744366765547990e-03,
       3.2001409144449388e-04, 5.1605172861083259e-04,
       1.6432961064216902e-02 ]
M2: !!opencv-matrix
   rows: 3
   cols: 3
   dt: d
   data: [ 1.3805338155595214e+03, 0., 1.1402069078520194e+03, 0.,
       1.3871274157021280e+03, 5.7092245864172617e+02, 0., 0., 1. ]
D2: !!opencv-matrix
   rows: 5
   cols: 1
   dt: d
   data: [ -1.6100811115066926e-01, -3.4192019842798549e-03,
       2.3493172648961577e-04, 1.7483764985139875e-05,
       1.9282889126122766e-02 ]
