%YAML:1.0
---
camera_matrix: !!opencv-matrix
   rows: 3
   cols: 3
   dt: d
   data: [ 1.3805338155595214e+03, 0., 1.1402069078520194e+03, 0.,
       1.3871274157021280e+03, 5.7092245864172617e+02, 0., 0., 1. ]
distortion_coefficients: !!opencv-matrix
   rows: 5
   cols: 1
   dt: d
   data: [ -1.6100811115066926e-01, -3.4192019842798549e-03,
       2.3493172648961577e-04, 1.7483764985139875e-05,
       1.9282889126122766e-02 ]
avg_reprojection_error: 3.5981424547321378e-01
