%YAML:1.0
---
Matches:
   - [ 12, 1, 0, 5. ]
   - [ 13, 6, 0, 9. ]
   - [ 14, 5, 0, 1. ]
   - [ 15, 7, 0, 1. ]
   - [ 17, 2, 0, 5. ]
   - [ 18, 4, 0, 21. ]
   - [ 19, 8, 0, 7. ]
   - [ 20, 9, 0, 7. ]
   - [ 21, 4, 0, 12. ]
   - [ 23, 10, 0, 29. ]
   - [ 25, 11, 0, 29. ]
   - [ 27, 16, 0, 9. ]
   - [ 29, 19, 0, 9. ]
   - [ 30, 12, 0, 14. ]
   - [ 31, 20, 0, 11. ]
   - [ 33, 25, 0, 17. ]
   - [ 34, 22, 0, 10. ]
   - [ 35, 23, 0, 13. ]
   - [ 36, 32, 0, 22. ]
   - [ 37, 24, 0, 13. ]
   - [ 38, 29, 0, 38. ]
   - [ 39, 38, 0, 39. ]
   - [ 43, 33, 0, 10. ]
   - [ 45, 34, 0, 14. ]
   - [ 48, 30, 0, 16. ]
   - [ 50, 26, 0, 15. ]
   - [ 51, 42, 0, 14. ]
   - [ 52, 39, 0, 5. ]
   - [ 53, 45, 0, 12. ]
   - [ 54, 36, 0, 7. ]
   - [ 55, 45, 0, 8. ]
   - [ 58, 41, 0, 6. ]
   - [ 59, 32, 0, 30. ]
   - [ 60, 40, 0, 12. ]
   - [ 61, 49, 0, 11. ]
   - [ 62, 46, 0, 19. ]
   - [ 63, 48, 0, 17. ]
   - [ 65, 51, 0, 5. ]
   - [ 66, 52, 0, 8. ]
   - [ 67, 38, 0, 24. ]
   - [ 69, 54, 0, 7. ]
   - [ 70, 53, 0, 7. ]
   - [ 72, 57, 0, 4. ]
   - [ 73, 74, 0, 6. ]
   - [ 74, 35, 0, 25. ]
   - [ 75, 55, 0, 8. ]
   - [ 76, 76, 0, 15. ]
   - [ 77, 71, 0, 7. ]
   - [ 79, 78, 0, 8. ]
   - [ 80, 59, 0, 11. ]
   - [ 81, 60, 0, 15. ]
   - [ 86, 78, 0, 5. ]
   - [ 88, 65, 0, 23. ]
   - [ 91, 88, 0, 3. ]
   - [ 92, 77, 0, 9. ]
   - [ 94, 80, 0, 18. ]
   - [ 96, 91, 0, 4. ]
   - [ 97, 93, 0, 3. ]
   - [ 98, 56, 0, 29. ]
   - [ 99, 93, 0, 3. ]
   - [ 100, 79, 0, 27. ]
   - [ 102, 94, 0, 13. ]
   - [ 103, 95, 0, 22. ]
   - [ 104, 98, 0, 1. ]
   - [ 106, 82, 0, 15. ]
   - [ 112, 99, 0, 9. ]
   - [ 113, 104, 0, 3. ]
   - [ 114, 105, 0, 16. ]
   - [ 116, 103, 0, 23. ]
   - [ 117, 111, 0, 20. ]
   - [ 118, 112, 0, 5. ]
   - [ 119, 108, 0, 21. ]
   - [ 120, 121, 0, 0. ]
   - [ 121, 122, 0, 8. ]
   - [ 122, 110, 0, 28. ]
   - [ 123, 117, 0, 15. ]
   - [ 125, 113, 0, 16. ]
   - [ 126, 115, 0, 41. ]
   - [ 127, 115, 0, 31. ]
   - [ 128, 116, 0, 18. ]
   - [ 129, 120, 0, 12. ]
   - [ 131, 34, 0, 40. ]
   - [ 134, 126, 0, 4. ]
   - [ 135, 127, 0, 3. ]
   - [ 136, 131, 0, 12. ]
   - [ 137, 133, 0, 3. ]
   - [ 138, 134, 0, 2. ]
   - [ 139, 132, 0, 4. ]
   - [ 140, 138, 0, 3. ]
   - [ 141, 135, 0, 9. ]
   - [ 142, 136, 0, 5. ]
   - [ 143, 137, 0, 4. ]
   - [ 145, 144, 0, 6. ]
   - [ 146, 140, 0, 3. ]
   - [ 147, 145, 0, 9. ]
   - [ 148, 141, 0, 4. ]
   - [ 149, 142, 0, 3. ]
   - [ 150, 143, 0, 5. ]
   - [ 151, 139, 0, 15. ]
   - [ 152, 147, 0, 7. ]
   - [ 153, 151, 0, 4. ]
   - [ 154, 152, 0, 5. ]
   - [ 155, 153, 0, 6. ]
   - [ 156, 155, 0, 4. ]
   - [ 157, 146, 0, 3. ]
   - [ 159, 156, 0, 4. ]
   - [ 161, 161, 0, 4. ]
   - [ 162, 149, 0, 27. ]
   - [ 164, 160, 0, 9. ]
   - [ 165, 163, 0, 8. ]
   - [ 167, 169, 0, 6. ]
   - [ 168, 164, 0, 4. ]
   - [ 169, 161, 0, 13. ]
   - [ 170, 158, 0, 33. ]
   - [ 171, 159, 0, 24. ]
   - [ 172, 167, 0, 4. ]
   - [ 173, 169, 0, 3. ]
   - [ 175, 168, 0, 8. ]
   - [ 177, 171, 0, 3. ]
   - [ 179, 170, 0, 34. ]
   - [ 180, 176, 0, 21. ]
   - [ 184, 174, 0, 3. ]
   - [ 185, 173, 0, 29. ]
   - [ 186, 178, 0, 5. ]
   - [ 187, 177, 0, 5. ]
   - [ 188, 179, 0, 7. ]
   - [ 190, 182, 0, 10. ]
   - [ 191, 183, 0, 4. ]
   - [ 192, 184, 0, 4. ]
   - [ 194, 187, 0, 12. ]
   - [ 196, 189, 0, 5. ]
   - [ 197, 191, 0, 3. ]
   - [ 198, 192, 0, 3. ]
   - [ 200, 194, 0, 5. ]
   - [ 201, 193, 0, 18. ]
   - [ 202, 198, 0, 7. ]
   - [ 203, 197, 0, 23. ]
   - [ 204, 200, 0, 8. ]
   - [ 205, 202, 0, 6. ]
   - [ 206, 196, 0, 14. ]
   - [ 208, 199, 0, 37. ]
   - [ 209, 201, 0, 16. ]
   - [ 212, 203, 0, 5. ]
   - [ 214, 206, 0, 4. ]
   - [ 215, 204, 0, 12. ]
   - [ 217, 207, 0, 10. ]
   - [ 220, 213, 0, 5. ]
   - [ 221, 214, 0, 1. ]
   - [ 222, 210, 0, 4. ]
   - [ 223, 211, 0, 36. ]
   - [ 224, 212, 0, 3. ]
   - [ 225, 212, 0, 19. ]
   - [ 226, 207, 0, 27. ]
   - [ 227, 218, 0, 2. ]
   - [ 228, 215, 0, 3. ]
   - [ 229, 216, 0, 3. ]
   - [ 232, 220, 0, 8. ]
   - [ 234, 219, 0, 40. ]
   - [ 235, 221, 0, 36. ]
   - [ 236, 222, 0, 28. ]
   - [ 237, 223, 0, 9. ]
   - [ 238, 228, 0, 8. ]
   - [ 239, 226, 0, 12. ]
   - [ 240, 231, 0, 24. ]
   - [ 241, 233, 0, 11. ]
   - [ 242, 224, 0, 8. ]
   - [ 243, 225, 0, 6. ]
   - [ 244, 229, 0, 6. ]
   - [ 246, 230, 0, 35. ]
   - [ 247, 234, 0, 10. ]
   - [ 248, 235, 0, 13. ]
   - [ 250, 236, 0, 5. ]
   - [ 251, 237, 0, 5. ]
   - [ 252, 243, 0, 24. ]
   - [ 253, 240, 0, 10. ]
   - [ 254, 244, 0, 12. ]
   - [ 255, 238, 0, 13. ]
   - [ 256, 243, 0, 37. ]
   - [ 257, 240, 0, 24. ]
   - [ 258, 247, 0, 16. ]
   - [ 259, 249, 0, 22. ]
   - [ 260, 246, 0, 4. ]
   - [ 261, 260, 0, 36. ]
   - [ 262, 250, 0, 5. ]
   - [ 263, 251, 0, 28. ]
   - [ 264, 252, 0, 14. ]
   - [ 265, 253, 0, 8. ]
   - [ 266, 254, 0, 14. ]
   - [ 267, 259, 0, 20. ]
   - [ 268, 260, 0, 14. ]
   - [ 269, 255, 0, 4. ]
   - [ 270, 256, 0, 7. ]
   - [ 272, 261, 0, 6. ]
   - [ 273, 257, 0, 12. ]
   - [ 274, 262, 0, 8. ]
   - [ 275, 263, 0, 19. ]
   - [ 276, 267, 0, 23. ]
   - [ 278, 265, 0, 4. ]
   - [ 279, 262, 0, 19. ]
   - [ 280, 266, 0, 7. ]
   - [ 281, 268, 0, 21. ]
   - [ 282, 269, 0, 11. ]
   - [ 283, 272, 0, 16. ]
   - [ 284, 273, 0, 15. ]
   - [ 285, 274, 0, 15. ]
   - [ 286, 265, 0, 23. ]
   - [ 288, 275, 0, 4. ]
   - [ 289, 276, 0, 7. ]
   - [ 290, 277, 0, 7. ]
   - [ 291, 278, 0, 13. ]
   - [ 292, 270, 0, 8. ]
   - [ 293, 271, 0, 10. ]
   - [ 294, 279, 0, 8. ]
   - [ 295, 272, 0, 17. ]
   - [ 296, 280, 0, 7. ]
   - [ 297, 284, 0, 20. ]
   - [ 299, 281, 0, 5. ]
   - [ 300, 286, 0, 8. ]
   - [ 303, 283, 0, 9. ]
   - [ 304, 285, 0, 6. ]
   - [ 305, 287, 0, 6. ]
   - [ 306, 290, 0, 19. ]
   - [ 307, 292, 0, 11. ]
   - [ 308, 289, 0, 10. ]
   - [ 310, 298, 0, 20. ]
   - [ 312, 297, 0, 17. ]
   - [ 313, 300, 0, 28. ]
   - [ 314, 290, 0, 11. ]
   - [ 315, 296, 0, 7. ]
   - [ 316, 302, 0, 8. ]
   - [ 317, 299, 0, 8. ]
   - [ 319, 307, 0, 16. ]
   - [ 320, 308, 0, 11. ]
   - [ 321, 310, 0, 8. ]
   - [ 322, 304, 0, 1. ]
   - [ 323, 301, 0, 29. ]
   - [ 324, 313, 0, 8. ]
   - [ 326, 311, 0, 6. ]
   - [ 327, 312, 0, 3. ]
   - [ 328, 305, 0, 9. ]
   - [ 330, 319, 0, 14. ]
   - [ 331, 320, 0, 24. ]
   - [ 332, 324, 0, 39. ]
   - [ 333, 322, 0, 13. ]
   - [ 334, 324, 0, 12. ]
   - [ 336, 325, 0, 22. ]
   - [ 337, 318, 0, 26. ]
   - [ 338, 323, 0, 7. ]
   - [ 339, 326, 0, 14. ]
   - [ 340, 326, 0, 27. ]
   - [ 343, 328, 0, 11. ]
   - [ 344, 327, 0, 29. ]
   - [ 347, 329, 0, 6. ]
   - [ 348, 334, 0, 7. ]
   - [ 349, 335, 0, 22. ]
   - [ 352, 332, 0, 24. ]
   - [ 353, 337, 0, 11. ]
   - [ 354, 340, 0, 23. ]
   - [ 356, 336, 0, 8. ]
   - [ 358, 342, 0, 9. ]
   - [ 359, 343, 0, 10. ]
   - [ 360, 344, 0, 9. ]
   - [ 361, 338, 0, 5. ]
   - [ 363, 339, 0, 2. ]
   - [ 364, 340, 0, 3. ]
   - [ 368, 350, 0, 8. ]
   - [ 369, 350, 0, 20. ]
   - [ 370, 351, 0, 8. ]
   - [ 371, 345, 0, 2. ]
   - [ 372, 346, 0, 12. ]
   - [ 374, 352, 0, 7. ]
   - [ 375, 347, 0, 28. ]
   - [ 377, 356, 0, 20. ]
   - [ 378, 357, 0, 15. ]
   - [ 379, 355, 0, 25. ]
   - [ 381, 361, 0, 19. ]
   - [ 382, 362, 0, 11. ]
   - [ 383, 358, 0, 10. ]
   - [ 384, 360, 0, 14. ]
   - [ 385, 366, 0, 22. ]
   - [ 386, 361, 0, 28. ]
   - [ 387, 366, 0, 7. ]
   - [ 389, 377, 0, 37. ]
   - [ 390, 373, 0, 11. ]
   - [ 392, 368, 0, 15. ]
   - [ 393, 369, 0, 12. ]
   - [ 394, 370, 0, 25. ]
   - [ 395, 378, 0, 18. ]
   - [ 396, 366, 0, 25. ]
   - [ 398, 382, 0, 15. ]
   - [ 399, 376, 0, 16. ]
   - [ 401, 387, 0, 10. ]
   - [ 402, 384, 0, 6. ]
   - [ 404, 401, 0, 11. ]
   - [ 405, 396, 0, 23. ]
   - [ 406, 388, 0, 21. ]
   - [ 407, 385, 0, 12. ]
   - [ 410, 399, 0, 9. ]
   - [ 411, 390, 0, 17. ]
   - [ 413, 403, 0, 7. ]
   - [ 414, 404, 0, 12. ]
   - [ 415, 405, 0, 5. ]
   - [ 420, 413, 0, 28. ]
   - [ 422, 409, 0, 19. ]
   - [ 425, 406, 0, 11. ]
   - [ 426, 407, 0, 11. ]
   - [ 427, 436, 0, 24. ]
   - [ 429, 421, 0, 23. ]
   - [ 431, 418, 0, 8. ]
   - [ 432, 410, 0, 13. ]
   - [ 433, 411, 0, 6. ]
   - [ 436, 438, 0, 12. ]
   - [ 437, 422, 0, 30. ]
   - [ 439, 423, 0, 22. ]
   - [ 440, 425, 0, 17. ]
   - [ 441, 419, 0, 17. ]
   - [ 442, 420, 0, 13. ]
