%YAML:1.0
---
R: !!opencv-matrix
   rows: 3
   cols: 3
   dt: d
   data: [ 9.9999790100091490e-01, -2.0352579767276267e-03,
       -2.3604815731298492e-04, 2.0377786491468058e-03,
       9.9993496307152374e-01, 1.1221278239471208e-02,
       2.1319460941991256e-04, -1.1221735699913592e-02,
       9.9993701161420157e-01 ]
T: !!opencv-matrix
   rows: 3
   cols: 1
   dt: d
   data: [ -1.2016513695256837e+02, 1.5868682581359933e-01,
       -3.9581945921624473e+00 ]
RMSE: 4.9805154810540636e-01
