%YAML:1.0
---
camera_matrix: !!opencv-matrix
   rows: 3
   cols: 3
   dt: d
   data: [ 1.3930218340124409e+03, 0., 1.0378982636342982e+03, 0.,
       1.3992372707725879e+03, 6.4999872022292027e+02, 0., 0., 1. ]
distortion_coefficients: !!opencv-matrix
   rows: 5
   cols: 1
   dt: d
   data: [ -1.6265223467109105e-01, 2.0744366765547990e-03,
       3.2001409144449388e-04, 5.1605172861083259e-04,
       1.6432961064216902e-02 ]
avg_reprojection_error: 4.3693818032887011e-01
