%YAML:1.0
---
Matches:
   - [ 0, 5, 0, 16. ]
   - [ 3, 1, 0, 8. ]
   - [ 4, 3, 0, 9. ]
   - [ 6, 5, 0, 4. ]
   - [ 7, 4, 0, 6. ]
   - [ 8, 7, 0, 4. ]
   - [ 9, 5, 0, 21. ]
   - [ 10, 6, 0, 14. ]
   - [ 11, 8, 0, 11. ]
   - [ 12, 9, 0, 5. ]
   - [ 13, 10, 0, 3. ]
   - [ 14, 11, 0, 8. ]
   - [ 15, 13, 0, 8. ]
   - [ 16, 14, 0, 13. ]
   - [ 18, 25, 0, 15. ]
   - [ 19, 21, 0, 14. ]
   - [ 21, 25, 0, 6. ]
   - [ 22, 22, 0, 3. ]
   - [ 24, 33, 0, 11. ]
   - [ 25, 31, 0, 21. ]
   - [ 27, 36, 0, 16. ]
   - [ 28, 33, 0, 8. ]
   - [ 30, 44, 0, 7. ]
   - [ 31, 52, 0, 7. ]
   - [ 32, 51, 0, 18. ]
   - [ 33, 53, 0, 11. ]
   - [ 34, 47, 0, 6. ]
   - [ 35, 61, 0, 13. ]
   - [ 37, 62, 0, 2. ]
   - [ 39, 63, 0, 26. ]
   - [ 42, 65, 0, 7. ]
   - [ 48, 66, 0, 15. ]
   - [ 50, 68, 0, 15. ]
   - [ 53, 70, 0, 9. ]
   - [ 54, 71, 0, 1. ]
   - [ 55, 70, 0, 15. ]
   - [ 58, 72, 0, 3. ]
   - [ 59, 73, 0, 35. ]
   - [ 60, 74, 0, 12. ]
   - [ 61, 77, 0, 12. ]
   - [ 62, 75, 0, 21. ]
   - [ 63, 76, 0, 26. ]
   - [ 65, 80, 0, 4. ]
   - [ 66, 78, 0, 5. ]
   - [ 67, 81, 0, 21. ]
   - [ 68, 82, 0, 22. ]
   - [ 69, 83, 0, 10. ]
   - [ 70, 84, 0, 8. ]
   - [ 72, 85, 0, 14. ]
   - [ 75, 90, 0, 4. ]
   - [ 77, 91, 0, 8. ]
   - [ 78, 92, 0, 7. ]
   - [ 79, 93, 0, 9. ]
   - [ 80, 44, 0, 23. ]
   - [ 82, 95, 0, 31. ]
   - [ 84, 97, 0, 11. ]
   - [ 86, 93, 0, 10. ]
   - [ 89, 95, 0, 23. ]
   - [ 91, 105, 0, 8. ]
   - [ 93, 108, 0, 27. ]
   - [ 94, 109, 0, 11. ]
   - [ 95, 103, 0, 10. ]
   - [ 96, 104, 0, 5. ]
   - [ 101, 113, 0, 25. ]
   - [ 103, 122, 0, 20. ]
   - [ 105, 112, 0, 6. ]
   - [ 106, 116, 0, 13. ]
   - [ 108, 118, 0, 19. ]
   - [ 109, 119, 0, 16. ]
   - [ 110, 120, 0, 21. ]
   - [ 112, 123, 0, 11. ]
   - [ 114, 126, 0, 11. ]
   - [ 115, 127, 0, 8. ]
   - [ 118, 128, 0, 5. ]
   - [ 119, 129, 0, 14. ]
   - [ 120, 131, 0, 11. ]
   - [ 123, 133, 0, 14. ]
   - [ 124, 134, 0, 8. ]
   - [ 125, 135, 0, 13. ]
   - [ 127, 137, 0, 17. ]
   - [ 128, 138, 0, 15. ]
   - [ 132, 136, 0, 29. ]
   - [ 133, 139, 0, 20. ]
   - [ 134, 140, 0, 7. ]
   - [ 135, 141, 0, 6. ]
   - [ 136, 142, 0, 11. ]
   - [ 138, 148, 0, 13. ]
   - [ 140, 148, 0, 7. ]
   - [ 141, 150, 0, 10. ]
   - [ 142, 149, 0, 7. ]
   - [ 145, 156, 0, 4. ]
   - [ 147, 153, 0, 8. ]
   - [ 150, 162, 0, 9. ]
   - [ 152, 157, 0, 13. ]
   - [ 153, 159, 0, 3. ]
   - [ 154, 165, 0, 2. ]
   - [ 155, 166, 0, 5. ]
   - [ 156, 168, 0, 11. ]
   - [ 158, 169, 0, 26. ]
   - [ 159, 164, 0, 7. ]
   - [ 162, 170, 0, 23. ]
   - [ 164, 174, 0, 11. ]
   - [ 165, 175, 0, 14. ]
   - [ 168, 176, 0, 5. ]
   - [ 170, 179, 0, 31. ]
   - [ 171, 180, 0, 25. ]
   - [ 172, 178, 0, 10. ]
   - [ 174, 177, 0, 16. ]
   - [ 175, 182, 0, 10. ]
   - [ 177, 184, 0, 6. ]
   - [ 179, 187, 0, 25. ]
   - [ 180, 185, 0, 25. ]
   - [ 182, 191, 0, 4. ]
   - [ 183, 192, 0, 5. ]
   - [ 185, 193, 0, 23. ]
   - [ 187, 194, 0, 15. ]
   - [ 190, 196, 0, 13. ]
   - [ 191, 197, 0, 10. ]
   - [ 193, 198, 0, 11. ]
   - [ 198, 203, 0, 4. ]
   - [ 201, 204, 0, 14. ]
   - [ 202, 205, 0, 9. ]
   - [ 203, 207, 0, 30. ]
   - [ 206, 206, 0, 7. ]
   - [ 208, 210, 0, 35. ]
   - [ 209, 208, 0, 29. ]
   - [ 212, 214, 0, 13. ]
   - [ 214, 208, 0, 21. ]
   - [ 216, 216, 0, 4. ]
   - [ 217, 217, 0, 8. ]
   - [ 218, 221, 0, 12. ]
   - [ 223, 223, 0, 19. ]
   - [ 225, 222, 0, 18. ]
   - [ 227, 225, 0, 9. ]
   - [ 228, 226, 0, 14. ]
   - [ 232, 232, 0, 20. ]
   - [ 234, 227, 0, 32. ]
   - [ 235, 228, 0, 29. ]
   - [ 236, 231, 0, 14. ]
   - [ 238, 230, 0, 15. ]
   - [ 239, 233, 0, 12. ]
   - [ 240, 234, 0, 22. ]
   - [ 241, 235, 0, 6. ]
   - [ 242, 236, 0, 18. ]
   - [ 243, 225, 0, 25. ]
   - [ 244, 237, 0, 11. ]
   - [ 247, 237, 0, 20. ]
   - [ 248, 238, 0, 16. ]
   - [ 251, 240, 0, 12. ]
   - [ 253, 245, 0, 33. ]
   - [ 254, 246, 0, 8. ]
   - [ 255, 247, 0, 18. ]
   - [ 257, 245, 0, 19. ]
   - [ 258, 252, 0, 16. ]
   - [ 259, 249, 0, 44. ]
   - [ 260, 251, 0, 8. ]
   - [ 261, 256, 0, 22. ]
   - [ 262, 257, 0, 15. ]
   - [ 263, 253, 0, 10. ]
   - [ 264, 254, 0, 12. ]
   - [ 265, 255, 0, 20. ]
   - [ 266, 258, 0, 28. ]
   - [ 270, 263, 0, 21. ]
   - [ 271, 264, 0, 22. ]
   - [ 273, 263, 0, 18. ]
   - [ 275, 265, 0, 16. ]
   - [ 277, 258, 0, 40. ]
   - [ 280, 272, 0, 18. ]
   - [ 282, 278, 0, 14. ]
   - [ 284, 273, 0, 15. ]
   - [ 285, 286, 0, 47. ]
   - [ 287, 279, 0, 27. ]
   - [ 288, 279, 0, 17. ]
   - [ 289, 276, 0, 27. ]
   - [ 292, 281, 0, 11. ]
   - [ 293, 282, 0, 11. ]
   - [ 294, 283, 0, 13. ]
   - [ 295, 284, 0, 13. ]
   - [ 296, 277, 0, 14. ]
   - [ 297, 286, 0, 29. ]
   - [ 300, 288, 0, 16. ]
   - [ 303, 285, 0, 8. ]
   - [ 304, 287, 0, 15. ]
   - [ 307, 294, 0, 7. ]
   - [ 311, 296, 0, 16. ]
   - [ 312, 297, 0, 17. ]
   - [ 315, 301, 0, 5. ]
   - [ 316, 302, 0, 17. ]
   - [ 317, 304, 0, 9. ]
   - [ 318, 311, 0, 19. ]
   - [ 319, 307, 0, 12. ]
   - [ 320, 308, 0, 10. ]
   - [ 321, 309, 0, 16. ]
   - [ 322, 316, 0, 28. ]
   - [ 324, 312, 0, 6. ]
   - [ 325, 314, 0, 23. ]
   - [ 326, 310, 0, 22. ]
   - [ 327, 316, 0, 9. ]
   - [ 331, 317, 0, 23. ]
   - [ 333, 321, 0, 16. ]
   - [ 334, 318, 0, 33. ]
   - [ 336, 319, 0, 40. ]
   - [ 337, 322, 0, 20. ]
   - [ 338, 326, 0, 25. ]
   - [ 339, 318, 0, 25. ]
   - [ 340, 318, 0, 32. ]
   - [ 343, 329, 0, 27. ]
   - [ 347, 325, 0, 21. ]
   - [ 348, 330, 0, 13. ]
   - [ 349, 332, 0, 8. ]
   - [ 350, 332, 0, 41. ]
   - [ 352, 333, 0, 20. ]
   - [ 353, 334, 0, 16. ]
   - [ 356, 336, 0, 39. ]
   - [ 359, 338, 0, 17. ]
   - [ 360, 340, 0, 9. ]
   - [ 361, 335, 0, 18. ]
   - [ 362, 351, 0, 40. ]
   - [ 366, 345, 0, 25. ]
   - [ 368, 347, 0, 17. ]
   - [ 369, 347, 0, 29. ]
   - [ 370, 348, 0, 18. ]
   - [ 371, 341, 0, 10. ]
   - [ 372, 350, 0, 16. ]
   - [ 374, 351, 0, 26. ]
   - [ 375, 355, 0, 19. ]
   - [ 380, 340, 0, 36. ]
   - [ 381, 362, 0, 43. ]
   - [ 382, 361, 0, 19. ]
   - [ 385, 363, 0, 22. ]
   - [ 386, 362, 0, 22. ]
   - [ 388, 372, 0, 33. ]
   - [ 393, 367, 0, 24. ]
   - [ 395, 373, 0, 14. ]
   - [ 398, 387, 0, 23. ]
   - [ 399, 381, 0, 39. ]
   - [ 401, 384, 0, 10. ]
   - [ 403, 389, 0, 17. ]
   - [ 404, 394, 0, 12. ]
   - [ 405, 395, 0, 27. ]
   - [ 406, 397, 0, 33. ]
   - [ 407, 393, 0, 27. ]
   - [ 411, 399, 0, 20. ]
   - [ 414, 410, 0, 19. ]
   - [ 415, 411, 0, 8. ]
   - [ 418, 423, 0, 24. ]
   - [ 419, 404, 0, 15. ]
   - [ 420, 405, 0, 25. ]
   - [ 422, 418, 0, 44. ]
   - [ 426, 413, 0, 22. ]
   - [ 427, 423, 0, 16. ]
   - [ 428, 426, 0, 24. ]
   - [ 431, 430, 0, 23. ]
   - [ 432, 420, 0, 20. ]
   - [ 433, 422, 0, 18. ]
   - [ 436, 434, 0, 12. ]
   - [ 437, 427, 0, 30. ]
   - [ 439, 436, 0, 23. ]
   - [ 441, 439, 0, 28. ]
   - [ 442, 440, 0, 22. ]
   - [ 444, 443, 0, 17. ]
   - [ 448, 438, 0, 15. ]
   - [ 450, 446, 0, 26. ]
   - [ 452, 441, 0, 20. ]
   - [ 453, 442, 0, 13. ]
   - [ 454, 447, 0, 13. ]
   - [ 459, 450, 0, 18. ]
   - [ 460, 452, 0, 9. ]
   - [ 462, 456, 0, 24. ]
   - [ 463, 457, 0, 29. ]
   - [ 467, 455, 0, 11. ]
   - [ 468, 462, 0, 25. ]
   - [ 470, 460, 0, 31. ]
   - [ 474, 465, 0, 15. ]
   - [ 478, 466, 0, 42. ]
   - [ 479, 467, 0, 16. ]
   - [ 480, 468, 0, 39. ]
   - [ 482, 473, 0, 10. ]
   - [ 483, 474, 0, 24. ]
   - [ 484, 474, 0, 25. ]
   - [ 485, 475, 0, 22. ]
   - [ 489, 476, 0, 16. ]
   - [ 492, 485, 0, 32. ]
   - [ 493, 488, 0, 13. ]
   - [ 494, 481, 0, 26. ]
   - [ 495, 482, 0, 20. ]
   - [ 498, 486, 0, 47. ]
   - [ 501, 495, 0, 22. ]
   - [ 505, 496, 0, 18. ]
   - [ 510, 499, 0, 21. ]
   - [ 511, 500, 0, 36. ]
   - [ 513, 501, 0, 23. ]
   - [ 514, 502, 0, 31. ]
   - [ 519, 506, 0, 30. ]
   - [ 525, 508, 0, 27. ]
   - [ 526, 510, 0, 5. ]
   - [ 529, 514, 0, 21. ]
   - [ 532, 518, 0, 19. ]
   - [ 534, 520, 0, 26. ]
   - [ 537, 522, 0, 16. ]
   - [ 538, 523, 0, 8. ]
   - [ 542, 524, 0, 22. ]
   - [ 543, 525, 0, 27. ]
   - [ 544, 529, 0, 23. ]
   - [ 546, 526, 0, 24. ]
   - [ 547, 527, 0, 19. ]
   - [ 548, 530, 0, 26. ]
   - [ 551, 534, 0, 19. ]
   - [ 555, 539, 0, 26. ]
   - [ 557, 532, 0, 5. ]
   - [ 558, 533, 0, 12. ]
   - [ 561, 538, 0, 32. ]
   - [ 562, 541, 0, 12. ]
   - [ 564, 543, 0, 26. ]
